0
0
0
0
0
0
0
0
0
0
0
0
0
0
0
0
0
0
0
0
0
0
0
0
0
0
27.0226
29.8576
29.5681
25.9547
17.8866
14.4887
15.7293
13.1575
21.3443
27.388
34.229
40.5086
45.9232
51.429
55.5519
56.5192
60.4451
63.1891
63.023
60.1721
54.2726
49.8091
43.9792
33.0611
23.4897
14.605
4.9116
-0.422359
-3.23959
-8.05526
-11.6375
-21.6462
-28.8482
-34.5359
-37.4837
-36.2803
-34.5522
-36.2771
-36.4249
-35.9006
-33.1419
-30.658
-28.3777
-23.4931
-24.7026
-23.1612
-24.2289
-24.2237
-26.661
-25.3267
-25.4283
-24.8775
-23.0497
-21.3045
-20.8903
-18.3852
-12.0829
-2.63561
6.28832
10.9308
17.44
20.4437
22.7766
21.6441
17.5697
10.854
6.93687
8.66606
8.27337
7.44627
8.25818
12.9462
18.0149
19.3714
17.3786
16.8012
18.807
20.4993
20.6355
16.3411
9.26946
3.0648
-1.93638
-3.12473
-5.17398
-6.27278
-2.59831
1.26174
5.89637
8.35522
10.8302
14.1108
13.0191
10.6505
6.44427
1.01208
-4.83616
-6.0719
-7.21977
-10.0846
-15.4882
-18.5213
-19.3734
-18.8731
-14.7171
-12.6645
-7.52014
-3.04675
0.543125
2.70032
5.18203
6.49256
8.76672
11.3494
9.98843
9.60593
11.2088
13.253
14.0332
15.0855
14.2486
14.1278
10.4405
11.505
5.40941
-1.26141
-13.1964
-22.5726
-30.7339
-38.4572
-44.1756
-45.0405
-45.1121
-44.5928
-43.6016
-41.5965
-35.4606
-28.1725
-25.0102
-22.7716
-22.2876
-20.8789
-16.7556
-14.8893
-14.4311
-14.6125
-13.1704
-13.8109
-15.32
-15.0023
-12.6225
-8.7382
-7.4764
-5.11258
-6.09321
-6.71406
-7.89679
-13.0241
-16.5156
-19.0527
-19.9778
-19.5809
-20.3322
-17.4173
-17.6094
-14.4328
-11.7763
-7.58632
-4.79698
-5.48643
-5.54477
-4.20818
-4.8955
-2.04923
-2.94745
-4.9235
-4.93658
-5.90534
-2.72665
0.661395
-0.331349
-0.990554
-4.50589
-4.70738
-7.22477
-9.30641
-8.99272
-5.00051
-1.84436
4.46096
4.56803
2.79598
5.91066
6.82347
4.26973
2.33132
5.49104
11.9285
15.2711
16.8858
19.2456
23.6207
22.8424
22.9699
22.2812
22.9746
21.668
20.8372
19.0225
13.5706
2.80496
-8.87668
-15.5278
-21.909
-29.8193
-35.6206
-41.862
-45.5918
-44.6432
-43.1087
-41.0713
-38.5465
-36.2519
-35.1211
-38.8138
-36.9462
-33.4273
-28.3963
-26.5431
-20.8866
-16.3426
-13.6948
-8.31977
-0.668266
7.23502
11.9508
9.84128
8.35692
7.77362
2.43368
-2.67313
-4.41293
-7.28833
-7.22177
-5.7095
-2.56624
-0.530164
-5.61308
-6.46729
-7.13866
-3.27477
0.108497
2.5691
-2.04285
-5.90504
-5.72825
-9.13173
-13.2577
-15.2186
-17.7646
-21.832
-29.914
-36.393
-40.2051
-43.7705
-46.3844
-46.1155
-47.9475
-48.687
-44.461
-40.9021
-36.9175
-39.9996
-43.6259
-43.693
-41.8879
-40.0621
-36.4948
-32.0953
-29.2353
-25.5689
-21.6054
-19.0525
-18.2614
-17.1481
-15.4955
-15.3151
-18.9928
-22.1054
-24.2073
-27.1145
-28.2676
-28.9052
-28.1052
-28.6843
-26.5922
-26.0543
-25.7687
-26.2615
-23.2874
-21.9596
-24.4566
-23.8133
-20.3914
-20.7094
-22.1615
-25.8006
-34.8876
-40.7665
-42.7455
-45.3476
-47.2665
-45.4759
-41.7527
-39.7734
-40.274
-41.6028
-44.9767
-44.2956
-39.9583
-36.4038
-33.1602
-25.0844
-19.024
-15.123
-14.113
-13.1741
-11.0476
-8.78324
-0.537824
5.69762
7.72131
7.33783
7.13637
5.82167
1.70816
-1.87928
-4.62615
-8.8478
-12.6235
-14.7138
-16.2171
-13.7858
-12.0979
-9.42709
-8.81793
-7.15967
-5.21215
-4.03225
-6.1624
-8.99158
-8.6714
-7.90606
-7.41803
-6.60813
-2.91559
1.43084
2.82859
3.2456
2.93603
1.18015
1.31815
0.705953
-1.10783
-2.30116
-0.707807
4.6352
10.0748
11.8359
13.0269
11.5567
9.60184
11.865
13.7806
12.8111
11.5539
10.834
10.422
9.6791
9.63782
9.76667
12.1853
14.6159
18.5546
21.8042
24.4477
24.8698
24.3143
22.1588
18.6083
14.9591
8.6446
5.50984
-1.63422
-7.57169
-9.20791
-9.8187
-9.80943
-8.07584
-9.01417
-8.49037
-8.20365
-8.67523
-8.81174
-12.1598
-15.2
-17.244
-17.6579
-18.7515
-23.4873
-25.7948
-29.1904
-28.6168
-26.6505
-22.4312
-18.2186
-13.5699
-10.3629
-9.64379
-5.39949
7.20792
14.3068
17.1966
18.7488
15.1899
9.77111
9.69703
8.36524
9.10952
9.86181
13.8852
19.0908
19.929
16.8861
14.0785
8.01222
3.63328
5.6982
10.2337
13.4151
16.4871
16.5174
14.2818
10.3938
6.39469
8.72717
11.7714
14.9946
12.9545
10.4219
7.55481
5.71855
6.80108
8.03087
7.47868
10.1758
16.1653
19.6388
21.8532
22.1185
25.143
27.6148
30.8275
33.7783
36.6622
38.3626
37.4134
34.6736
32.5782
29.5157
22.4503
17.9072
14.2889
9.60268
6.62514
5.47448
9.89082
11.4034
15.2994
18.189
14.5035
9.85762
6.97945
7.48269
6.52349
6.83589
5.05797
-0.798274
-5.85494
-8.54928
-11.1057
-15.4288
-18.819
-21.0629
-20.1916
-22.1604
-23.0794
-29.2685
-33.1725
-35.1761
-33.8209
-32.8951
-33.2366
-29.7016
-24.3763
-21.6949
-18.618
-16.3405
-21.3465
-23.0018
-26.1506
-28.5305
-29.9368
-29.8639
-28.6286
-25.1917
-22.6045
-25.4788
-28.3248
-24.8319
-20.0806
-19.0362
-20.316
-22.8106
-22.4954
-22.1502
-26.089
-29.9203
-30.4281
-30.5423
-23.641
-14.2787
-7.27089
-3.77011
-6.22581
-5.15013
-2.45758
4.77387
12.3027
24.1368
36.2056
43.4095
47.6412
48.2528
47.122
45.4622
42.4604
34.9635
24.6924
13.6975
5.36839
2.37893
-3.92974
-4.26244
0.802085
4.66918
7.73464
12.3388
19.791
25.605
30.7492
37.4621
39.7871
40.6026
45.3931
52.4053
55.0535
57.5215
56.7868
51.0244
45.9114
44.9761
43.9451
40.4588
37.719
36.9837
37.2319
35.9222
35.686
32.8268
30.483
33.7077
36.1315
36.4011
35.7033
34.5097
32.7827
31.8996
29.4416
28.0471
28.0987
26.2626
24.841
23.6997
23.1148
19.9469
15.3788
10.9769
5.89896
-4.14234
-10.2154
-12.8752
-17.3761
-18.5531
-15.6721
-14.6885
-11.4122
-4.74719
5.15283
11.5238
19.7517
24.5989
28.1511
30.0498
31.6652
32.1919
27.1638
22.2555
17.5733
14.8921
12.9972
6.07606
0.878857
2.31892
1.0417
-3.66595
-12.0118
-18.5701
-24.4231
-14.8666
-4.93573
1.28382
3.37483
6.53221
11.7477
17.4641
19.5124
23.2449
26.9344
26.6685
26.5096
30.7499
29.2639
27.9987
26.5694
20.7978
18.3806
13.2728
8.99526
5.42527
3.75103
0.837368
5.04954
6.19066
11.5131
17.6454
17.6619
18.1909
18.7262
19.2355
15.2275
10.7601
7.03475
10.4974
12.5137
15.3584
16.3175
19.6654
19.3867
23.416
28.1091
30.0387
31.0667
32.3568
27.0865
25.4749
22.3076
22.822
23.5434
23.1495
25.9888
27.1848
21.7648
19.0732
18.0331
19.2082
22.339
26.5934
29.3962
31.2004
34.0152
34.2957
36.1247
41.7042
46.5474
49.1637
50.543
50.2802
47.7993
44.526
43.6459
42.5525
39.6228
38.3285
33.5247
28.6292
22.481
19.0843
14.4951
11.4177
11.8495
12.0723
8.25103
5.60801
3.25541
-0.100894
-2.61676
-9.33889
-9.43637
-12.3428
-18.5865
-22.243
-24.9923
-26.9359
-29.4228
-31.3365
-34.1673
-36.3679
-37.0539
-35.948
-37.8921
-37.8589
-34.5061
-29.4438
-24.9316
-21.6842
-20.692
-23.6897
-26.8086
-30.4168
-33.3607
-32.1016
-30.5106
-30.5111
-26.3014
-23.0102
-19.4153
-18.0157
-17.8219
-12.7494
-7.50842
-3.65035
-1.33949
1.01423
3.19645
3.2897
2.64094
1.96103
3.02758
4.55963
4.31397
2.64984
-0.581927
-1.39945
-2.14545
-1.43054
-2.50701
-2.81237
-3.73205
-5.05325
-4.74798
-4.60591
-6.36189
-8.68881
-10.4054
-10.1695
-9.68998
-12.9611
-19.9566
-23.3479
-25.6816
-25.6345
-17.5897
-7.87229
-3.97168
0.0610983
5.68073
3.66822
-2.72093
-1.782
0.496119
0.852093
3.49126
5.11034
3.83019
4.40064
0.894341
-3.71583
-2.27269
3.92195
11.3404
15.2289
20.7734
28.131
33.0985
34.0249
37.2928
38.9259
37.7302
36.8314
35.7677
32.9119
29.0257
25.2165
21.7908
16.0981
14.0378
13.397
10.7881
8.41133
3.94855
1.55122
-0.533868
-1.28669
0.55359
2.81236
6.71532
9.77569
11.8001
10.8436
11.1433
11.7799
10.7283
8.50336
7.15363
5.41295
3.1604
-2.82966
-6.15161
-10.7133
-14.0983
-14.0228
-14.5905
-15.0754
-11.5299
-10.058
-6.35
-2.28345
0.693175
2.55835
6.94349
14.7435
19.0523
21.6379
21.8582
22.268
22.9101
26.6882
31.1473
29.773
29.6647
27.3772
23.669
20.2583
18.0459
19.606
21.1967
22.9825
22.4647
20.664
15.9293
6.95854
-2.18863
-11.7053
-18.0716
-17.8674
-17.232
-18.8781
-21.2295
-21.8298
-21.8015
-21.8805
-21.0377
-22.5245
-26.3112
-31.9605
-35.3019
-42.0395
-44.6245
-42.1137
-38.4951
-35.7578
-35.1382
-36.0749
-33.2792
-25.0923
-16.9846
-9.56968
-3.57428
0.739908
4.85918
5.65896
6.5765
8.38904
9.3777
9.64074
8.58844
6.1456
0.787647
-3.38725
-4.98035
-4.37266
-5.72374
-5.43003
-4.48575
-1.17116
1.88146
3.18838
4.33568
7.05981
13.874
20.929
24.3296
26.3124
27.9575
26.682
27.9651
28.4576
29.5195
31.4051
30.1354
30.2332
27.0349
21.7357
15.4049
9.55899
3.74131
3.5601
0.7869
0.280698
0.341542
-0.444583
-0.919893
-7.17286
-12.1174
-16.3534
-19.5491
-21.0203
-18.8269
-18.3595
-17.5065
-19.7637
-19.2998
-20.0128
-20.0725
-16.9928
-11.4161
-5.79846
-0.0472297
2.75893
3.32002
5.78967
8.16124
11.3199
10.3383
5.77792
3.78534
5.63914
9.18115
11.7843
12.2609
12.9281
11.9246
12.5934
