416.03
423.57
449.79
431.67
414.41
382.79
406.48
441.67
412.03
505.98
507.14
534.21
553.81
566.14
593.4
600.48
589.3
621.59
630.37
620.87
601.82
591.22
600.37
591.1
542.65
539.29
534.56
511.27
528.38
548.61
529.55
533.17
463.25
461.21
461.21
461.21
480.25
480.63
445.65
445.65
445.65
463.59
459.33
455.99
466.08
416.95
434.61
409.46
413.68
386.93
408.83
393.34
394.67
407.72
404.15
389.92
408.69
436.24
485.71
497.15
479.25
503.93
489.5
489.08
468.09
443.83
411.11
418.96
464.35
454.6
457.62
478.21
513.34
536.37
515.34
494.52
501.4
514.9
514.9
517.03
488.5
456.17
449.89
448.45
473.42
465.51
467.49
502.34
514.36
534.52
528.16
537.69
551.78
516.49
499.35
479.46
463.45
444.19
469.51
469.58
453.46
427.04
433.82
443.34
453.15
480.73
468.72
499.63
502.81
501.75
498.32
507.43
500.16
505.88
513.44
483.58
491.79
512.4
517.45
519.42
527.62
516.26
514.57
497.58
531.31
471.74
456.27
391.06
387.14
377.28
359.87
353.18
381.18
376.66
376.66
371.72
382.67
408.11
425.02
388.21
380.16
365.48
366.06
386.4
374.17
360.42
350.91
360.26
341.36
334.69
343.1
358.5
374.31
360.75
372.17
350.43
350.83
341.54
297.73
300.66
295.82
300.74
307.49
294.27
323.74
299.8
329.26
327.68
345.05
337.69
304.48
308.16
319.13
302.83
334.27
304.5
295.99
302.41
295.01
330.72
340.23
308.64
303.68
276.01
303.21
278.26
281.18
292.27
323.58
326.28
358.41
314.99
307.84
343.13
328.7
295.14
302.21
340.34
377.15
368.5
364.93
380.25
413.53
374.23
382.17
381
392.09
376.87
382.78
383.97
353.17
296.9
264.07
285.82
274.69
237.36
233.63
214.06
221.82
144.02
148.33
254.47
253.64
239.3
219.88
175.96
209.1
214.45
225.41
201.88
234.82
235.33
223.84
252.57
281.45
296.97
283.7
229.87
238.38
142.55
200.03
189.66
213.14
200.98
217.41
232.98
254.51
253.96
191.25
210.26
212.04
256.01
251.02
148.52
192.79
188.3
215.36
184.33
173.76
179.66
154.79
132.4
083.65
086.54
089.61
076.12
065.14
079.1
056.83
051.49
084.05
080.4
079.15
013.17
991.36
006.01
015.47
005.65
015.28
025.25
015.89
022.95
030.64
023.64
009.19
998.76
999.93
989.64
956.72
947.92
946.32
932.75
936.72
933.6
943.73
927.9
940.46
914.67
918.54
911.16
934.87
919.49
882.58
899.76
921.08
889.51
876.56
845.66
783.57
783.94
798.22
780.04
776.3
796.3
807.27
796.63
775.66
756.35
725.74
742.39
758.54
754.02
753.86
796.75
790.66
783.22
761.79
758.22
767.37
765.62
814.66
817.79
795.33
779.73
785.59
782.79
752.25
748.99
744.53
721.21
714.2
719.64
727.55
760.43
757.04
765.95
751.72
761.9
762.23
754.04
725.44
709.51
730.45
734.59
732.81
740.05
762.48
776.22
758.47
755.59
749.78
734.26
745.97
736.68
727.69
731.37
754.12
793.48
810.02
790.83
788.02
767.55
761.68
793.56
798.23
777.35
775.9
781.68
786.32
790.6
800.34
800.17
821.01
814.4
846.86
857.7
864.7
852.54
847.15
837.05
825.45
820.14
790.09
803.63
762.12
759.74
788.51
797.63
803.96
814.75
792.97
803.68
800.41
792.47
788.12
759.41
745.34
744.15
754.38
745.43
705.43
713.51
689.92
715.95
714.5
744.56
750.69
756.2
751.81
732.19
769.67
853.71
823.03
802.61
793.83
754.45
733.48
772.91
762.61
780.01
782.02
814.14
843.85
832.79
797.27
793.43
762.28
759.49
808.14
841.79
839.22
849.27
831.15
818.97
806.38
799.9
841.84
846.5
853.78
815.38
816.09
818.02
825.17
848.45
852.71
837.71
865.25
899.72
896.64
897.98
892.48
916.35
925.34
943.03
950.38
962.88
964.84
946.34
939.95
951.75
944.36
907.72
914.22
919.42
905.1
919.59
933.84
986.14
973.14
997.69
999.93
953.84
936.19
935.61
962.98
952.63
961.97
944.21
905.69
906.08
913.83
910.87
887.31
878.59
876.49
895.41
873.51
877.15
825.15
825.07
814.08
844.57
838.17
818.37
844.96
859.73
841.06
853.76
847.95
783.93
787.98
765.53
758.93
760.99
767.45
769.71
790.87
788.65
739.08
731.64
777.54
780.25
755.39
728.84
713.36
729.62
727.22
683.81
674.57
692.52
679.22
734.87
776.96
772.48
750.51
703.78
725.14
745.46
792.01
804.42
859.15
893.32
876.33
879.75
873.78
866.19
858.87
840.57
803.68
771.99
754.74
757.37
798.86
773.21
814.88
864.92
868.14
867.96
886.5
923.94
925.72
936.05
963.89
943.3
943.99
982.57
021.99
009.73
023.98
007.62
971.43
978.87
013.67
021.92
012.97
019.78
041.14
063.08
061.38
077.09
060.03
059.34
105.63
113.06
110.74
107.43
106.27
105.65
116.81
111.04
121.94
136.42
118.97
123.43
133.56
143.28
126.48
110.39
102.87
088.27
036.32
049.93
066.37
043
059.41
091.73
082.95
106.8
137.88
178.27
168.19
199.46
181.8
185.88
183.05
185.46
184.96
142.53
135.15
132.36
146.47
155.07
107.58
115.75
163.71
145.12
117.83
074.49
070.56
056.38
179.73
200.86
192.14
169.59
174.11
198.22
214.74
200.08
219.57
222.25
196.78
196.22
258.62
227.98
230.28
227.51
188.92
212.02
194.14
189.08
187.67
200.84
185.83
149.67
144.63
285.03
298.54
257.62
259.98
269
270.84
230.65
216.39
218.64
272.09
278.17
294.37
293.03
317.84
291.23
333.82
354.74
348.97
341.26
350.09
299.35
334.36
321.39
356.77
358.03
358.73
383.87
384.49
338.65
354.26
365.58
388.93
408.73
437.09
437.81
441.15
460.74
448.81
473.17
516.76
514.83
521.07
523.35
523.59
514.84
513.58
540.26
542.65
535.1
546.78
522.61
514.54
507.95
523.09
514.63
521.57
548.98
549.4
519.2
522.78
520.38
509.5
505.34
463.96
503.65
475.33
434.89
442.47
443.62
441.89
424.82
420.78
400.65
392.7
395.94
396.44
373.18
376.39
395.4
412.32
414.39
407.7
384.78
344.36
330.39
311.04
303.4
329.81
325.12
312.96
344.12
345.93
355.75
338
323.09
358.25
367.1
361.01
354.65
363.61
365.58
348.94
348.06
346.71
360.31
362
346.95
338.37
323.5
340.12
339.79
354.47
341.58
341.68
335.42
330.14
341
340.77
319.18
309.86
307.29
319.59
319.45
287.86
142.42
255.12
252.33
265.21
336.66
367.65
330.04
337.21
361.48
307.46
264.75
309.39
315.94
302.59
323.04
321.83
310.88
330.83
288.7
271.27
321.57
360
379.6
371.43
398.03
431.89
438.42
417.21
445.4
446.32
417.11
416.93
428.35
420.66
410.27
410.65
418.26
396.52
421.67
431.23
418.78
418.4
393.36
402.02
407.05
417.45
435.48
441.56
462.33
462.51
463.68
441.71
449.49
456.73
437.72
426.2
433.84
429.1
423.29
386.61
401.13
382.72
381.76
402.9
394.22
392.62
424.95
410.88
436.39
446.89
444.06
434.37
462.6
500.29
485.51
484.02
469.68
475.05
485.29
515.79
539.6
503.16
515.27
498.48
489.77
497.38
501.58
536.44
542.88
551.47
541.42
538.15
513.96
463.1
443.14
416.97
421.4
467.29
468.76
449.8
439.03
449.87
451.06
447.99
448.73
415.76
381.74
349.48
351.98
315.65
332.73
362.27
369.33
361.56
341.91
320.85
346.51
390.99
399.93
406.32
409.2
402.93
411.61
390.31
393.95
403.13
397
388.34
380.36
372.05
341.18
343.39
360.91
378.88
363
375.52
381.06
404.83
408.81
399.63
402.82
421.1
459.77
475.89
462.13
462.36
464.39
447.01
471.82
476.39
487.51
499.32
480.62
498.7
480.85
462.12
446.42
440.24
429.51
465.3
448.33
464.15
471.98
465.52
464.43
415.23
410.16
400.11
392.89
395.56
421.49
413.23
412.71
387.81
403.89
389.43
389.3
405.87
432.06
439.09
451.35
438.23
429.8
447.34
453.48
459.3
433.91
395.55
407.32
440.65
464.12
470.81
461.76
465.54
453.35
471.5
449.49
473.45
462.77
462.47
433.74
421.79
424.59
401.61
361.78
365.96
374.37
360.77
379.45
394.84
341.98
339.37
369.49
401.03
396.97
435.15
460.03
445.41
442.92
389.89
518.53