WIG20		MACD		EMA11		EMA25		SIGNAL
2257		0		0		0		0
2274		0		0		0		0
2320		0		0		0		0
2272		0		0		0		0
2248		0		0		0		0
2285		0		0		0		0
2321		0		0		0		0
2335		0		0		0		0
2353		0		0		0		0
2378		0		0		0		0
2354		0		0		0		0
2322		0		0		0		0
2359		0		0		0		0
2339		0		0		0		0
2330		0		0		0		0
2314		0		0		0		0
2334		0		0		0		0
2364		0		0		0		0
2421		0		0		0		0
2408		0		0		0		0
2406		0		0		0		0
2410		0		0		0		0
2405		0		0		0		0
2413		0		0		0		0
2408		0		0		0		0
2406		0		0		0		0
2423		27.0226		2406		2378.98		7.30408
2449		29.8576		2416.24		2386.39		13.5484
2431		29.5681		2420.67		2391.1		18.1534
2414		25.9547		2420.36		2394.4		20.6305
2382		17.8866		2412.68		2394.8		20.3075
2406		14.4887		2411.43		2396.94		19.1469
2441		15.7293		2417.44		2401.71		18.6117
2412		13.1575		2416.48		2403.33		17.5152
2505		21.3443		2434.38		2413.03		18.9057
2507		27.388		2449.27		2421.88		21.0337
2534		34.229		2466.94		2432.71		24.4212
2553		40.5086		2485.23		2444.72		28.6651
2566		45.9232		2502.49		2456.56		33.3849
2593		51.429		2521.53		2470.1		38.5767
2600		55.5519		2538.84		2483.29		43.6538
2589		56.5192		2551.11		2494.59		47.698
2621		60.4451		2568.11		2507.67		51.8445
2630		63.1891		2583.39		2520.2		55.5299
2620		63.023		2593.27		2530.24		58.1264
2601		60.1721		2598.07		2537.9		59.1643
2591		54.2726		2598.33		2544.06		58.2208
2600		49.8091		2600.31		2550.5		56.1967
2591		43.9792		2599.64		2555.66		52.9911
2542		33.0611		2588.96		2555.9		47.5522
2539		23.4897		2579.39		2555.9		40.8662
2534		14.605		2570.08		2555.47		33.3706
2511		4.9116		2557.74		2552.82		25.0731
2528		-0.422359		2551.23		2551.66		17.4116
2548		-3.23959		2549.33		2552.57		10.9619
2529		-8.05526		2543.82		2551.88		4.94264
2533		-11.6375		2540.29		2551.93		-0.449441
2463		-21.6462		2523.75		2545.4		-7.0805
2461		-28.8482		2510.01		2538.86		-13.7789
2461		-34.5359		2498.6		2533.13		-20.1457
2461		-37.4837		2489.42		2526.91		-25.5374
2480		-36.2803		2486.6		2522.88		-29.0591
2480		-34.5522		2484.34		2518.89		-31.125
2445		-36.2771		2475.58		2511.86		-33.0835
2445		-36.4249		2468.84		2505.26		-34.4947
2445		-35.9006		2463.01		2498.91		-35.3386
2463		-33.1419		2461.48		2494.62		-35.0227
2459		-30.658		2459.77		2490.43		-33.9682
2455		-28.3777		2457.5		2485.88		-32.4456
2466		-23.4931		2459.1		2482.59		-29.9236
2416		-24.7026		2450.45		2475.16		-28.3834
2434		-23.1612		2446.98		2470.14		-26.8466
2409		-24.2289		2439.14		2463.37		-25.9477
2413		-24.2237		2433.18		2457.4		-25.2691
2386		-26.661		2422.91		2449.57		-25.4295
2408		-25.3267		2419.54		2444.86		-25.2452
2393		-25.4283		2413.78		2439.2		-25.1848
2394		-24.8775		2409.26		2434.14		-25.037
2407		-23.0497		2407.84		2430.89		-24.5312
2404		-21.3045		2406.16		2427.46		-23.6555
2389		-20.8903		2401.85		2422.74		-22.9181
2408		-18.3852		2401.93		2420.31		-21.6663
2436		-12.0829		2408.48		2420.56		-19.0241
2485		-2.63561		2423.31		2425.95		-14.4393
2497		6.28832		2438.29		2432		-8.6158
2479		10.9308		2446.88		2435.95		-2.99124
2503		17.44		2459.19		2441.75		2.97542
2489		20.4437		2466.06		2445.62		8.2252
2489		22.7766		2471.96		2449.18		12.7577
2468		21.6441		2472.57		2450.93		15.8425
2443		17.5697		2467.84		2450.27		17.004
2411		10.854		2457.63		2446.78		15.932
2418		6.93687		2450.95		2444.01		13.8775
2464		8.66606		2454.33		2445.66		12.6229
2454		8.27337		2454.59		2446.32		11.4816
2457		7.44627		2454.53		2447.08		10.2699
2478		8.25818		2458.45		2450.19		9.51969
2513		12.9462		2468.98		2456.04		10.1768
2536		18.0149		2481.76		2463.75		12.0627
2515		19.3714		2488.27		2468.9		13.9264
2494		17.3786		2489.4		2472.02		14.9219
2501		16.8012		2492.1		2475.3		15.5919
2524		18.807		2499.36		2480.55		16.6015
2524		20.4993		2505.87		2485.37		17.8241
2517		20.6355		2509.68		2489.04		18.7946
2488		16.3411		2506.17		2489.82		18.3453
2456		9.26946		2497.08		2487.81		16.0017
2449		3.0648		2488.19		2485.13		12.4641
2448		-1.93638		2480.35		2482.28		8.43151
2473		-3.12473		2478.29		2481.42		5.12634
2465		-5.17398		2474.6		2479.77		2.10527
2467		-6.27278		2472.35		2478.63		-0.498239
2502		-2.59831		2477.89		2480.49		-1.49202
2514		1.26174		2484.69		2483.43		-1.19677
2534		5.89637		2493.83		2487.94		0.364537
2528		8.35522		2500.12		2491.76		2.34365
2537		10.8302		2507.18		2496.35		4.62288
2551		14.1108		2516.28		2502.17		7.32055
2516		13.0191		2517.31		2504.29		9.07283
2499		10.6505		2514.88		2504.23		9.78842
2479		6.44427		2508.91		2502.47		9.21047
2463		1.01208		2500.39		2499.37		7.23415
2444		-4.83616		2489.76		2494.59		4.09281
2469		-6.0719		2486.02		2492.09		1.30874
2469		-7.21977		2482.33		2489.55		-1.13948
2453		-10.0846		2475.9		2485.99		-3.80022
2427		-15.4882		2465.09		2480.57		-7.32292
2433		-18.5213		2457.54		2476.07		-10.7626
2443		-19.3734		2453.21		2472.58		-13.5247
2453		-18.8731		2451.41		2470.28		-15.3756
2480		-14.7171		2455.96		2470.68		-15.5302
2468		-12.6645		2457.59		2470.26		-14.9727
2499		-7.52014		2465.48		2473		-13.1389
2502		-3.04675		2472.82		2475.87		-10.5312
2501		0.543125		2478.97		2478.43		-7.54692
2498		2.70032		2482.95		2480.25		-4.61597
2507		5.18203		2488.01		2482.82		-1.68541
2500		6.49256		2491.03		2484.54		0.884031
2505		8.76672		2494.97		2486.21		3.41565
2513		11.3494		2499.69		2488.34		5.92812
2483		9.98843		2497.37		2487.39		7.40294
2491		9.60593		2496.9		2487.29		8.30126
2512		11.2088		2500.22		2489.01		9.31745
2517		13.253		2504.15		2490.9		10.5593
2519		14.0332		2507.21		2493.18		11.6578
2527		15.0855		2511.26		2496.17		12.7157
2516		14.2486		2512.39		2498.14		13.2563
2524		14.1278		2514.97		2500.84		13.583
2497		10.4405		2511.52		2501.08		12.7789
2531		11.505		2515.62		2504.12		12.4912
2471		5.40941		2506.9		2501.49		10.6356
2456		-1.26141		2496.62		2497.88		7.40826
2391		-13.1964		2475.76		2488.96		1.72031
2387		-22.5726		2457.75		2480.32		-5.09582
2377		-30.7339		2440.64		2471.38		-12.4353
2359		-38.4572		2422.96		2461.41		-20.0104
2353		-44.1756		2407.25		2451.43		-27.235
2381		-45.0405		2399.86		2444.9		-32.8124
2376		-45.1121		2393		2438.11		-37.0363
2376		-44.5928		2387.25		2431.84		-39.9402
2371		-43.6016		2382.03		2425.63		-41.7149
2382		-41.5965		2379.34		2420.94		-42.2616
2408		-35.4606		2383.42		2418.88		-40.8229
2425		-28.1725		2390.42		2418.6		-37.6084
2388		-25.0102		2389.93		2414.94		-34.1859
2380		-22.7716		2388		2410.77		-30.8979
2365		-22.2876		2383.6		2405.89		-28.2836
2366		-20.8789		2380.53		2401.41		-25.9406
2386		-16.7556		2382.12		2398.87		-23.0794
2374		-14.8893		2380.51		2395.4		-20.4492
2360		-14.4311		2376.5		2390.93		-18.3933
2350		-14.6125		2371.21		2385.82		-17.025
2360		-13.1704		2368.98		2382.15		-15.7569
2341		-13.8109		2363.15		2376.96		-15.0431
2334		-15.32		2356.52		2371.84		-14.9611
2343		-15.0023		2352.59		2367.59		-14.8235
2358		-12.6225		2353.03		2365.66		-14.1057
2374		-8.7382		2356.74		2365.48		-12.6011
2360		-7.4764		2357.24		2364.72		-11.1695
2372		-5.11258		2360.03		2365.14		-9.46614
2350		-6.09321		2357.56		2363.65		-8.45001
2350		-6.71406		2355.75		2362.47		-7.88499
2341		-7.89679		2352.73		2360.63		-7.76791
2297		-13.0241		2341.64		2354.67		-9.03537
2300		-16.5156		2332.99		2349.51		-10.9362
2295		-19.0527		2325.26		2344.31		-13.0958
2300		-19.9778		2320.06		2340.03		-15.0444
2307		-19.5809		2317.03		2336.62		-16.4242
2294		-20.3322		2311.7		2332.03		-17.7101
2323		-17.4173		2312.83		2330.25		-17.8667
2299		-17.6094		2309.22		2326.83		-18.0235
2329		-14.4328		2312.04		2326.48		-17.2585
2327		-11.7763		2314.35		2326.13		-15.8626
2345		-7.58632		2319.83		2327.42		-13.6123
2337		-4.79698		2322.88		2327.68		-11.1192
2304		-5.48643		2319.58		2325.06		-9.41687
2308		-5.54477		2317.61		2323.16		-8.16398
2319		-4.20818		2318.3		2322.51		-6.84779
2302		-4.8955		2315.37		2320.27		-6.10559
2334		-2.04923		2319.24		2321.29		-4.77571
2304		-2.94745		2316.65		2319.6		-4.08555
2295		-4.9235		2312.21		2317.13		-4.15596
2302		-4.93658		2310.41		2315.35		-4.29734
2295		-5.90534		2307		2312.9		-4.72183
2330		-2.72665		2311.23		2313.96		-4.16703
2340		0.661395		2316.37		2315.71		-2.83397
2308		-0.331349		2314.33		2314.66		-2.12963
2303		-0.990554		2312.25		2313.24		-1.76561
2276		-4.50589		2305.08		2309.59		-2.50054
2303		-4.70738		2304.42		2309.13		-3.08797
2278		-7.22477		2299.18		2306.41		-4.16887
2281		-9.30641		2294.92		2304.23		-5.54194
2292		-8.99272		2294.18		2303.17		-6.4673
2323		-5.00051		2299.92		2304.92		-6.14675
2326		-1.84436		2305.09		2306.94		-5.12201
2358		4.46096		2315.85		2311.39		-2.629
2324		4.56803		2317.22		2312.65		-0.716934
2307		2.79598		2314.77		2311.97		0.309487
2343		5.91066		2320.53		2314.62		1.92527
2328		6.82347		2322.34		2315.52		3.43493
2295		4.26973		2317.71		2313.44		3.91916
2302		2.33132		2314.84		2312.5		3.75202
2340		5.49104		2320.53		2315.03		4.3997
2377		11.9285		2332.52		2320.59		6.56142
2368		15.2711		2340.34		2325.07		8.95823
2364		16.8858		2345.38		2328.49		11.1901
2380		19.2456		2352.64		2333.4		13.5378
2413		23.6207		2364.61		2340.98		16.418
2374		22.8424		2367.21		2344.37		18.3492
2382		22.9699		2371.25		2348.28		19.8839
2381		22.2812		2373.71		2351.42		20.8881
2392		22.9746		2378.18		2355.21		21.7646
2376		21.668		2379.24		2357.57		21.9381
2382		20.8372		2381.18		2360.34		21.7758
2383		19.0225		2382.29		2363.26		21.1308
2353		13.5706		2376.53		2362.96		19.1256
2296		2.80496		2360.59		2357.79		14.623
2264		-8.87668		2341.23		2350.11		8.10433
2285		-15.5278		2329.3		2344.83		1.41498
2274		-21.909		2316.75		2338.66		-5.31285
2237		-29.8193		2299.78		2329.6		-12.5109
2233		-35.6206		2284.96		2320.58		-19.451
2214		-41.862		2269.06		2310.92		-26.3262
2221		-45.5918		2257.25		2302.84		-32.454
2244		-44.6432		2252.46		2297.11		-36.6827
2248		-43.1087		2249.24		2292.35		-39.221
2254		-41.0713		2247.79		2288.86		-40.337
2253		-38.5465		2246.94		2285.48		-40.3565
2239		-36.2519		2244.47		2280.72		-39.6215
2219		-35.1211		2239.03		2274.15		-38.604
2175		-38.8138		2225.41		2264.22		-38.7212
2209		-36.9462		2221.26		2258.2		-38.1777
2214		-33.4273		2219.52		2252.95		-36.7432
2225		-28.3963		2220.38		2248.77		-34.3268
2201		-26.5431		2216.62		2243.16		-32.0447
2234		-20.8866		2220.01		2240.9		-28.8455
2235		-16.3426		2222.58		2238.92		-25.2692
2223		-13.6948		2222.2		2235.9		-21.9178
2252		-8.31977		2227.59		2235.91		-17.9743
2281		-0.668266		2237.8		2238.47		-12.8737
2296		7.23502		2249.41		2242.17		-6.94983
2283		11.9508		2256.67		2244.71		-1.30372
2229		9.84128		2252.61		2242.77		2.25856
2238		8.35692		2250.47		2242.12		4.49145
2242		7.77362		2249.44		2241.66		5.89365
2200		2.43368		2240		2237.56		5.40972
2189		-2.67313		2230.51		2233.18		3.6127
2213		-4.41293		2226.95		2231.36		1.68558
2200		-7.28833		2221.42		2228.71		-0.692252
2217		-7.22177		2220.51		2227.73		-2.61803
2232		-5.7095		2222.24		2227.95		-3.74931
2254		-2.56624		2227.53		2230.09		-3.70536
2253		-0.530164		2231.39		2231.92		-3.09192
2191		-5.61308		2222.39		2228		-3.99389
2210		-6.46729		2219.79		2226.26		-4.79289
2212		-7.13866		2217.91		2225.05		-5.46996
2256		-3.27477		2225.09		2228.36		-4.89806
2251		0.108497		2230.72		2230.61		-3.49631
2248		2.5691		2234.92		2232.35		-1.78125
2192		-2.04285		2226.74		2228.78		-1.77223
2188		-5.90504		2219.48		2225.38		-2.8732
2215		-5.72825		2218.63		2224.36		-3.69246
2184		-9.13173		2211.47		2220.6		-5.12368
2173		-13.2577		2203.02		2216.28		-7.29499
2179		-15.2186		2197.32		2212.54		-9.43987
2154		-17.7646		2188.78		2206.54		-11.8151
2132		-21.832		2177.05		2198.89		-14.7646
2083		-29.914		2157.63		2187.55		-19.2112
2086		-36.393		2141.55		2177.95		-24.2038
2089		-40.2051		2129.08		2169.29		-28.9002
2076		-43.7705		2116.34		2160.11		-33.3899
2065		-46.3844		2104.72		2151.11		-37.3946
2079		-46.1155		2098.09		2144.2		-40.2416
2056		-47.9475		2087.57		2135.52		-42.8323
2051		-48.687		2078.53		2127.22		-44.9236
2084		-44.461		2077.93		2122.39		-45.2672
2080		-40.9021		2076.52		2117.43		-44.3989
2079		-36.9175		2075.63		2112.54		-42.5392
2013		-39.9996		2062.1		2102.1		-41.9001
1991		-43.6259		2047.52		2091.14		-42.3286
2006		-43.693		2038.53		2082.22		-42.6151
2015		-41.8879		2032.92		2074.81		-42.3475
2005		-40.0621		2026.57		2066.63		-41.6161
2015		-36.4948		2023.57		2060.06		-40.0884
2025		-32.0953		2022.86		2054.95		-37.8391
2015		-29.2353		2020.69		2049.93		-35.4514
2022		-25.5689		2020.41		2045.98		-32.7504
2030		-21.6054		2021.18		2042.79		-29.5909
2023		-19.0525		2020.49		2039.54		-26.4576
2009		-18.2614		2017.14		2035.4		-23.8924
1998		-17.1481		2013.39		2030.54		-21.7042
1999		-15.4955		2010.92		2026.41		-19.6535
1989		-15.3151		2006.63		2021.94		-18.1391
1956		-18.9928		1996.36		2015.35		-18.0866
1947		-22.1054		1986.34		2008.45		-18.9466
1946		-24.2073		1977.77		2001.97		-20.2341
1932		-27.1145		1967.77		1994.89		-22.066
1936		-28.2676		1960.58		1988.84		-23.8034
1933		-28.9052		1953.96		1982.87		-25.2949
1943		-28.1052		1950.41		1978.51		-26.2198
1927		-28.6843		1944.42		1973.11		-27.1036
1940		-26.5922		1942.38		1968.97		-27.2046
1924		-26.0543		1937.71		1963.76		-27.0604
1918		-25.7687		1932.67		1958.44		-26.8118
1911		-26.2615		1927.33		1953.59		-26.7159
1934		-23.2874		1928.14		1951.43		-25.7811
1919		-21.9596		1925.98		1947.94		-24.6977
1882		-24.4566		1916.83		1941.29		-24.5472
1899		-23.8133		1913		1936.81		-24.2766
1921		-20.3914		1914.18		1934.57		-23.137
1889		-20.7094		1908.81		1929.52		-22.4107
1876		-22.1615		1901.64		1923.8		-22.2694
1845		-25.8006		1889.87		1915.67		-23.1528
1783		-34.8876		1867.61		1902.5		-26.2616
1783		-40.7665		1849.7		1890.46		-30.2426
1798		-42.7455		1838.14		1880.88		-33.7901
1780		-45.3476		1825.21		1870.56		-37.1035
1776		-47.2665		1813.42		1860.69		-40.1202
1796		-45.4759		1808.04		1853.52		-41.9682
1807		-41.7527		1806.51		1848.26		-42.3414
1796		-39.7734		1802.74		1842.52		-42.0569
1775		-40.274		1795.07		1835.35		-41.9049
1756		-41.6028		1785.58		1827.18		-41.9657
1725		-44.9767		1771.85		1816.83		-42.8039
1742		-44.2956		1764.57		1808.87		-43.2083
1758		-39.9583		1762.93		1802.88		-42.2864
1754		-36.4038		1760.78		1797.19		-40.5953
1753		-33.1602		1758.56		1791.72		-38.4866
1796		-25.0844		1765.65		1790.74		-34.7978
1790		-19.024		1770.33		1789.36		-30.4332
1783		-15.123		1772.4		1787.52		-26.0952
1761		-14.113		1769.5		1783.61		-22.5417
1758		-13.1741		1766.73		1779.9		-19.5544
1767		-11.0476		1766.63		1777.68		-16.7529
1765		-8.78324		1766.5		1775.28		-14.1278
1814		-0.537824		1776.73		1777.27		-10.0024
1817		5.69762		1785.4		1779.71		-5.28879
1795		7.72131		1787.81		1780.09		-1.37047
1779		7.33783		1786.66		1779.32		1.34162
1785		7.13637		1786.93		1779.8		3.24206
1782		5.82167		1785.79		1779.96		4.29153
1752		1.70816		1778.96		1777.25		3.94773
1748		-1.87928		1772.7		1774.58		2.67705
1744		-4.62615		1767.18		1771.8		0.935617
1721		-8.8478		1758.12		1766.96		-1.67889
1714		-12.6235		1749.14		1761.77		-4.78687
1719		-14.7138		1742.83		1757.55		-7.72394
1727		-16.2171		1738.39		1754.61		-10.3253
1760		-13.7858		1741.3		1755.08		-11.615
1757		-12.0979		1743.47		1755.57		-12.0994
1765		-9.42709		1747.13		1756.56		-11.6573
1751		-8.81793		1747.22		1756.04		-11.0883
1761		-7.15967		1749.35		1756.51		-10.1576
1762		-5.21215		1751.83		1757.04		-8.84742
1754		-4.03225		1752.33		1756.36		-7.46927
1725		-6.1624		1747.02		1753.18		-6.969
1709		-8.99158		1739.89		1748.88		-7.328
1730		-8.6714		1738.38		1747.05		-7.56006
1734		-7.90606		1737.85		1745.76		-7.56148
1732		-7.41803		1736.88		1744.3		-7.48485
1740		-6.60813		1737.09		1743.7		-7.22082
1762		-2.91559		1741.71		1744.62		-6.05838
1776		1.43084		1748.14		1746.71		-4.05125
1758		2.82859		1750.06		1747.23		-2.19205
1755		3.2456		1750.85		1747.6		-0.641704
1749		2.93603		1750.28		1747.34		0.494801
1734		1.18015		1746.96		1745.78		0.866075
1745		1.31815		1746.96		1745.64		1.1663
1736		0.705953		1745.46		1744.75		1.21609
1727		-1.10783		1742.05		1743.15		0.746738
1731		-2.30116		1739.98		1742.28		-0.00276706
1754		-0.707807		1742.93		1743.64		-0.222431
1793		4.6352		1752.98		1748.35		1.02864
1810		10.0748		1764.21		1754.14		3.42877
1790		11.8359		1769.15		1757.32		5.71118
1788		13.0269		1773.12		1760.09		7.78053
1767		11.5567		1772.22		1760.67		8.93236
1761		9.60184		1770.4		1760.8		9.28027
1793		11.865		1775.57		1763.7		10.1897
1798		13.7806		1780.6		1766.82		11.4138
1777		12.8111		1780.68		1767.87		12.0375
1775		11.5539		1780.51		1768.96		12.057
1781		10.834		1781.5		1770.67		11.7667
1786		10.422		1782.89		1772.47		11.4018
1790		9.6791		1784.13		1774.45		10.9032
1800		9.63782		1786.84		1777.2		10.5479
1800		9.76667		1789.41		1779.64		10.3559
1821		12.1853		1795.75		1783.56		10.8198
1824		14.6159		1801.91		1787.29		11.7858
1846		18.5546		1811.45		1792.9		13.5945
1857		21.8042		1820.89		1799.08		15.855
1864		24.4477		1829.91		1805.46		18.2795
1852		24.8698		1835.28		1810.41		20.2203
1847		24.3143		1838.7		1814.39		21.5408
1837		22.1588		1839.4		1817.24		21.9494
1825		18.6083		1837.48		1818.87		21.2936
1820		14.9591		1834.84		1819.88		19.7662
1790		8.6446		1826.51		1817.87		16.8646
1803		5.50984		1822.29		1816.78		13.7612
1762		-1.63422		1810.27		1811.9		9.43666
1759		-7.57169		1799.78		1807.35		4.53474
1788		-9.20791		1796.59		1805.8		0.40747
1797		-9.8187		1795.59		1805.41		-2.8418
1803		-9.80943		1795.84		1805.65		-5.2325
1814		-8.07584		1798.46		1806.53		-6.48489
1792		-9.01417		1796.29		1805.31		-7.60375
1803		-8.49037		1796.9		1805.39		-8.17316
1800		-8.20365		1797.02		1805.22		-8.4591
1792		-8.67523		1795.6		1804.28		-8.65603
1788		-8.81174		1794.18		1802.99		-8.72012
1759		-12.1598		1786.99		1799.15		-9.63994
1745		-15.2		1779.05		1794.25		-11.1392
1744		-17.244		1772.41		1789.65		-12.8163
1754		-17.6579		1768.45		1786.11		-14.2211
1745		-18.7515		1763.25		1782		-15.5513
1705		-23.4873		1750.9		1774.39		-17.8397
1713		-25.7948		1742.19		1767.99		-20.1855
1689		-29.1904		1730.67		1759.86		-22.853
1715		-28.6168		1726.24		1754.85		-24.6959
1724		-26.6505		1724.46		1751.12		-25.4787
1744		-22.4312		1727.15		1749.58		-24.8636
1750		-18.2186		1730.62		1748.84		-23.2221
1756		-13.5699		1735.18		1748.75		-20.7261
1751		-10.3629		1738.17		1748.53		-17.965
1732		-9.64379		1736.83		1746.47		-15.6038
1769		-5.39949		1742.95		1748.35		-12.6388
1853		7.20792		1764.9		1757.69		-6.9384
1823		14.3068		1777.59		1763.28		-0.755971
1802		17.1966		1783.62		1766.43		4.62206
1793		18.7488		1787.2		1768.45		8.98948
1754		15.1899		1781.86		1766.67		11.2176
1733		9.77111		1773.14		1763.37		11.3297
1772		9.69703		1773.44		1763.74		11.3286
1762		8.36524		1771.57		1763.21		10.9533
1780		9.10952		1773.54		1764.43		10.7868
1782		9.86181		1775.63		1765.77		10.6094
1814		13.8852		1784.08		1770.2		11.4198
1843		19.0908		1796.13		1777.04		13.376
1832		19.929		1802.27		1782.34		15.0382
1797		16.8861		1800.85		1783.96		15.5346
1793		14.0785		1799.26		1785.18		15.258
1762		8.01222		1791.93		1783.91		13.4123
1759		3.63328		1786.03		1782.4		10.8715
1808		5.6982		1791.37		1785.67		9.50897
1841		10.2337		1801.64		1791.4		9.69769
1839		13.4151		1809.81		1796.4		10.6175
1849		16.4871		1818.18		1801.69		12.0321
1831		16.5174		1821.39		1804.87		13.0842
1818		14.2818		1820.85		1806.56		13.3307
1806		10.3938		1817.48		1807.09		12.5217
1799		6.39469		1813.53		1807.13		10.9571
1841		8.72717		1819.31		1810.59		10.503
1846		11.7714		1825.12		1813.35		10.9434
1853		14.9946		1831.82		1816.83		12.0528
1815		12.9545		1829.77		1816.82		12.2689
1816		10.4219		1827.41		1816.99		11.684
1818		7.55481		1825.29		1817.73		10.4698
1825		5.71855		1824.98		1819.26		9.10822
1848		6.80108		1829.15		1822.35		8.45852
1852		8.03087		1833.68		1825.65		8.38481
1837		7.47868		1834.63		1827.15		8.13294
1865		10.1758		1841.21		1831.03		8.61128
1899		16.1653		1853.52		1837.35		10.5235
1896		19.6388		1862.23		1842.59		12.938
1897		21.8532		1869.47		1847.61		15.3988
1892		22.1185		1874.27		1852.15		17.3743
1916		25.143		1883.67		1858.53		19.7107
1925		27.6148		1893.14		1865.53		22.1091
1943		30.8275		1904.46		1873.63		24.7514
1950		33.7783		1914.98		1881.21		27.5419
1962		36.6622		1925.58		1888.92		30.3595
1964		38.3626		1934.58		1896.22		32.8107
1946		37.4134		1938.62		1901.2		34.3222
1939		34.6736		1940.02		1905.34		34.6702
1951		32.5782		1942.95		1910.37		34.3595
1944		29.5157		1944		1914.49		33.2373
1907		22.4503		1937.46		1915		30.4357
1914		17.9072		1933.59		1915.68		27.0414
1919		14.2889		1930.99		1916.7		23.4577
1905		9.60268		1925.9		1916.3		19.4448
1919		6.62514		1924.22		1917.59		15.5958
1933		5.47448		1925.51		1920.03		12.4172
1986		9.89082		1936.94		1927.05		11.2827
1973		11.4034		1943.66		1932.25		10.8831
1997		15.2994		1954.27		1938.97		11.6987
1999		18.189		1963.48		1945.29		13.2348
1953		14.5035		1961.61		1947.11		13.4829
1936		9.85762		1956.81		1946.95		12.4866
1935		6.97945		1953.35		1946.37		11.0566
1962		7.48269		1955.79		1948.3		10.1805
1952		6.52349		1955.69		1949.17		9.28755
1961		6.83589		1957.66		1950.83		8.61264
1944		5.05797		1955.63		1950.57		7.59519
1905		-0.798274		1945.92		1946.72		5.17012
1906		-5.85494		1937.22		1943.08		1.92588
1913		-8.54928		1931.74		1940.29		-1.16077
1910		-11.1057		1926.22		1937.33		-4.07245
1887		-15.4288		1917.08		1932.51		-7.3663
1878		-18.819		1908.62		1927.44		-10.7633
1876		-21.0629		1901.61		1922.68		-13.898
1895		-20.1916		1899.69		1919.88		-16.02
1873		-22.1604		1893.24		1915.4		-18.1075
1877		-23.0794		1888.94		1912.02		-19.8027
1825		-29.2685		1874.87		1904.14		-22.6443
1825		-33.1725		1863.66		1896.83		-25.7761
1824		-35.1761		1854.99		1890.17		-28.6146
1844		-33.8209		1851.88		1885.7		-30.2894
1838		-32.8951		1848.01		1880.9		-31.2265
1818		-33.2366		1840.9		1874.13		-31.9761
1844		-29.7016		1840.69		1870.39		-31.6005
1859		-24.3763		1843.68		1868.05		-29.8394
1841		-21.6949		1842.56		1864.26		-27.7752
1853		-18.618		1843.7		1862.32		-25.2697
1847		-16.3405		1843.84		1860.18		-22.6958
1783		-21.3465		1831.08		1852.43		-22.0778
1787		-23.0018		1822.39		1845.39		-22.0892
1765		-26.1506		1810.87		1837.02		-22.9677
1758		-28.5305		1800.07		1828.6		-24.2629
1760		-29.9368		1791.28		1821.21		-25.6861
1767		-29.8639		1785.59		1815.45		-26.8419
1769		-28.6286		1781.69		1810.32		-27.4293
1790		-25.1917		1782.23		1807.42		-27.0033
1788		-22.6045		1782		1804.61		-26.0307
1739		-25.4788		1772.35		1797.83		-25.9766
1731		-28.3248		1762.64		1790.96		-26.6717
1777		-24.8319		1763.99		1788.82		-26.185
1780		-20.0806		1766.85		1786.93		-24.4874
1755		-19.0362		1764.12		1783.15		-22.9034
1728		-20.316		1756.89		1777.2		-22.0628
1713		-22.8106		1748.1		1770.91		-22.1316
1729		-22.4954		1744.07		1766.56		-22.1679
1727		-22.1502		1740.25		1762.4		-22.1542
1683		-26.089		1728.29		1754.38		-23.1503
1674		-29.9203		1716.33		1746.25		-24.8752
1692		-30.4281		1710.18		1740.61		-26.377
1679		-30.5423		1703.44		1733.98		-27.6306
1734		-23.641		1709.05		1732.69		-26.7267
1776		-14.2787		1721.2		1735.48		-23.4922
1772		-7.27089		1730.29		1737.56		-19.1215
1750		-3.77011		1733.79		1737.56		-14.9036
1703		-6.22581		1727.74		1733.97		-12.411
1725		-5.15013		1727.46		1732.61		-10.1708
1745		-2.45758		1730.93		1733.39		-7.68514
1792		4.77387		1743.21		1738.43		-3.85596
1804		12.3027		1756.44		1744.13		1.05324
1859		24.1368		1778.41		1754.27		7.79379
1893		36.2056		1802.86		1766.65		15.9213
1876		43.4095		1819.7		1776.29		23.8219
1879		47.6412		1833.09		1785.45		30.8202
1873		48.2528		1842.09		1793.84		36.284
1866		47.122		1848.13		1801		40.0543
1858		45.4622		1851.86		1806.4		42.3788
1840		42.4604		1852.17		1809.71		43.1641
1803		34.9635		1844.63		1809.67		41.5738
1771		24.6924		1831.71		1807.02		37.3647
1754		13.6975		1816.9		1803.2		30.9911
1757		5.36839		1805.16		1799.8		23.8134
1798		2.37893		1802.76		1800.39		17.5362
1773		-3.92974		1795.19		1799.12		11.1107
1814		-4.26244		1797.5		1801.76		6.22453
1864		0.802085		1809.32		1808.52		3.96254
1868		4.66918		1819.9		1815.23		3.37223
1867		7.73464		1828.48		1820.75		3.91022
1886		12.3388		1839.44		1827.1		5.76665
1923		19.791		1856.13		1836.34		9.3964
1925		25.605		1870.84		1845.24		13.8593
1936		30.7492		1885.66		1854.91		18.6575
1963		37.4621		1903.48		1866.01		24.1987
1943		39.7871		1914.01		1874.22		28.9898
1943		40.6026		1921.89		1881.28		32.7008
1982		45.3931		1936.57		1891.18		36.7003
2021		52.4053		1955.65		1903.24		41.5332
2009		55.0535		1967.95		1912.9		45.7802
2023		57.5215		1980.75		1923.23		49.4812
2007		56.7868		1988.04		1931.25		51.9405
1971		51.0244		1986.47		1935.44		52.1229
1978		45.9114		1985.92		1940.01		50.7415
2013		44.9761		1992.42		1947.45		49.4055
2021		43.9451		1999.15		1955.2		48.1082
2012		40.4588		2002.37		1961.91		46.0957
2019		37.719		2006.76		1969.04		43.7035
2041		36.9837		2014.74		1977.76		41.6568
2063		37.2319		2024.97		1987.74		40.1388
2061		35.9222		2032.24		1996.32		38.6612
2077		35.686		2041.6		2005.92		37.6061
2060		32.8268		2045.61		2012.79		36.1457
2059		30.483		2048.98		2018.5		34.4359
2105		33.7077		2061.58		2027.87		34.0461
2113		36.1315		2073.35		2037.22		34.4796
2110		36.4011		2081.76		2045.36		34.9332
2107		35.7033		2087.9		2052.19		35.0998
2106		34.5097		2092.88		2058.37		34.897
2105		32.7827		2096.63		2063.85		34.3047
2116		31.8996		2101.5		2069.6		33.6266
2111		29.4416		2104.09		2074.65		32.5116
2121		28.0471		2108.24		2080.2		31.3461
2136		28.0987		2114.35		2086.25		30.4204
2118		26.2626		2116.06		2089.79		29.1807
2123		24.841		2118.47		2093.63		27.8611
2133		23.6997		2121.62		2097.92		26.5771
2143		23.1148		2126.04		2102.93		25.4803
2126		19.9469		2126.32		2106.38		23.8364
2110		15.3788		2123.41		2108.03		21.3867
2102		10.9769		2119.44		2108.47		18.4095
2088		5.89896		2113.42		2107.52		14.8324
2036		-4.14234		2097.91		2102.05		9.43438
2049		-10.2154		2087.9		2098.12		3.78162
2066		-12.8752		2082.93		2095.8		-1.14804
2043		-17.3761		2074		2091.37		-6.03869
2059		-18.5531		2070.21		2088.76		-10.013
2091		-15.6721		2073.41		2089.09		-12.1506
2082		-14.6885		2074.06		2088.75		-13.3953
2106		-11.4122		2079.2		2090.61		-13.3539
2137		-4.74719		2089.91		2094.65		-11.4183
2178		5.15283		2107.15		2101.99		-7.08688
2168		11.5238		2119.4		2107.87		-1.99302
2199		19.7517		2135.87		2116.11		4.10532
2181		24.5989		2146.68		2122.08		10.0806
2185		28.1511		2156.09		2127.94		15.5461
2183		30.0498		2163.09		2133.04		20.0999
2185		31.6652		2169.63		2137.96		23.932
2184		32.1919		2174.49		2142.29		26.8819
2142		27.1638		2169.5		2142.33		27.6
2135		22.2555		2164.18		2141.92		26.611
2132		17.5733		2158.79		2141.22		24.4743
2146		14.8921		2156.63		2141.74		21.9802
2155		12.9972		2155.92		2142.92		19.499
2107		6.07606		2145.93		2139.85		15.6952
2115		0.878857		2138.8		2137.92		11.3991
2163		2.31892		2142.87		2140.55		8.53348
2145		1.0417		2142.54		2141.5		6.02834
2117		-3.66595		2136.71		2140.38		2.97908
2074		-12.0118		2123.31		2135.32		-1.46411
2070		-18.5701		2111.57		2130.14		-6.47413
2056		-24.4231		2099.92		2124.34		-11.7593
2179		-14.8666		2115.09		2129.96		-13.1016
2200		-4.93573		2131.75		2136.69		-11.2836
2192		1.28382		2143.53		2142.25		-8.13354
2169		3.37483		2148.41		2145.04		-5.23502
2174		6.53221		2154.27		2147.74		-2.18178
2198		11.7477		2163.71		2151.97		1.61341
2224		17.4641		2175.77		2158.31		6.1743
2200		19.5124		2181.17		2161.65		10.2817
2219		23.2449		2189.88		2166.63		14.4899
2222		26.9344		2198.38		2171.45		18.4494
2196		26.6685		2200.21		2173.54		21.1456
2196		26.5096		2201.96		2175.45		22.9985
2258		30.7499		2213.57		2182.82		25.4919
2227		29.2639		2216.5		2187.24		26.8963
2230		27.9987		2219.64		2191.64		27.5017
2227		26.5694		2222.02		2195.45		27.4534
2188		20.7978		2216.09		2195.29		25.8156
2212		18.3806		2215.59		2197.21		23.8581
2194		13.2728		2211.13		2197.86		20.9345
2189		8.99526		2206.91		2197.91		17.591
2187		5.42527		2202.71		2197.29		14.1217
2200		3.75103		2201.82		2198.07		10.9811
2185		0.837368		2198.57		2197.73		7.86824
2249		5.04954		2208.69		2203.64		6.69781
2244		6.19066		2214.86		2208.67		6.15743
2285		11.5131		2228.65		2217.14		7.30791
2298		17.6454		2242.48		2224.84		9.87736
2257		17.6619		2245.66		2228		11.9126
2259		18.1909		2249.36		2231.17		13.6688
2269		18.7262		2253.96		2235.23		15.2031
2270		19.2355		2258.24		2239.01		16.5254
2230		15.2275		2253.84		2238.62		16.493
2216		10.7601		2247.49		2236.73		15.1757
2218		7.03475		2242.45		2235.41		13.1576
2272		10.4974		2249.39		2238.89		12.4719
2278		12.5137		2255.11		2242.6		12.3782
2294		15.3584		2263.08		2247.72		13.0765
2293		16.3175		2268.66		2252.35		13.8487
2317		19.6654		2277.79		2258.13		15.322
2291		19.3867		2280.81		2261.42		16.3412
2333		23.416		2291.63		2268.21		18.2761
2354		28.1091		2304.5		2276.39		21.0865
2348		30.0387		2313.81		2283.77		23.7914
2341		31.0667		2320.75		2289.68		26.0277
2350		32.3568		2328.48		2296.12		28.0127
2299		27.0865		2324.57		2297.49		28.0192
2334		25.4749		2327.4		2301.93		27.5689
2321		22.3076		2327.01		2304.7		26.3072
2356		22.822		2333.4		2310.57		25.5056
2358		23.5434		2339.04		2315.49		25.0177
2358		23.1495		2343.22		2320.07		24.45
2383		25.9888		2352.11		2326.12		24.7525
2384		27.1848		2358.82		2331.64		25.2818
2338		21.7648		2354.75		2332.99		24.1876
2354		19.0732		2354.72		2335.65		22.7464
2365		18.0331		2357.02		2338.99		21.417
2388		19.2082		2363.34		2344.13		20.8019
2408		22.339		2373.42		2351.08		21.1764
2437		26.5934		2386.83		2360.24		22.5925
2437		29.3962		2398.04		2368.64		24.4202
2441		31.2004		2407.38		2376.18		26.221
2460		34.0152		2418.78		2384.76		28.3082
2448		34.2957		2425.71		2391.41		30.0594
2473		36.1247		2435.93		2399.8		31.9218
2516		41.7042		2452.86		2411.15		34.8478
2524		46.5474		2469.14		2422.59		38.3275
2521		49.1637		2481.57		2432.41		41.581
2523		50.543		2491.94		2441.4		44.3075
2523		50.2802		2500.02		2449.74		46.2246
2514		47.7993		2504.47		2456.67		46.9551
2513		44.526		2507.38		2462.86		46.5612
2540		43.6459		2515.17		2471.52		46.0221
2542		42.5525		2521.86		2479.31		45.2852
2535		39.6228		2525.6		2485.98		43.8273
2546		38.3285		2531.07		2492.74		42.2858
2522		33.5247		2530.3		2496.78		39.7781
2524		28.6292		2529.3		2500.67		36.5462
2507		22.481		2524.94		2502.46		32.4657
2523		19.0843		2524.62		2505.54		28.5376
2514		14.4951		2522.53		2508.03		24.4175
2521		11.4177		2522.22		2510.8		20.5135
2548		11.8495		2527.51		2515.67		17.7243
2549		12.0723		2532.07		2520		15.7522
2519		8.25103		2529.31		2521.06		13.2665
2522		5.60801		2527.63		2522.02		10.7853
2520		3.25541		2525.97		2522.71		8.38786
2509		-0.100894		2522.22		2522.32		5.80737
2505		-2.61676		2518.78		2521.4		3.26091
2463		-9.33889		2507.54		2516.88		-0.37275
2503		-9.43637		2506.65		2516.08		-3.06189
2475		-12.3428		2500.03		2512.37		-5.8731
2434		-18.5865		2486.58		2505.17		-9.67366
2442		-22.243		2477.06		2499.3		-13.4349
2443		-24.9923		2468.98		2493.97		-16.9453
2441		-26.9359		2461.95		2488.89		-20.0557
2424		-29.4228		2453.34		2482.76		-22.9926
2420		-31.3365		2445.45		2476.78		-25.6614
2400		-34.1673		2435.02		2469.19		-28.2918
2392		-36.3679		2425.1		2461.47		-30.8574
2395		-37.0539		2417.65		2454.7		-32.908
2396		-35.948		2412.51		2448.46		-34.0204
2373		-37.8921		2402.99		2440.88		-35.3059
2376		-37.8589		2396.3		2434.16		-36.2053
2395		-34.5061		2395.36		2429.87		-35.9341
2412		-29.4438		2397.85		2427.29		-34.312
2414		-24.9316		2400.26		2425.2		-31.8369
2407		-21.6842		2400.88		2422.56		-29.0454
2384		-20.692		2397.09		2417.78		-26.6389
2344		-23.6897		2386.07		2409.76		-25.6304
2330		-26.8086		2374.62		2401.43		-25.7394
2311		-30.4168		2361.59		2392.01		-26.7571
2303		-33.3607		2349.29		2382.65		-28.3167
2329		-32.1016		2344.39		2376.49		-29.2141
2325		-30.5106		2340		2370.51		-29.5599
2312		-30.5111		2333.76		2364.27		-29.9109
2344		-26.3014		2334.71		2361.01		-29.1023
2345		-23.0102		2335.37		2358.38		-27.6263
2355		-19.4153		2337.88		2357.3		-25.4868
2338		-18.0157		2336.66		2354.68		-23.4406
2323		-17.8219		2333.08		2350.9		-21.7803
2358		-12.7494		2337.86		2350.61		-19.1043
2367		-7.50842		2343.83		2351.33		-15.7062
2361		-3.65035		2347.85		2351.5		-12.1471
2354		-1.33949		2349.88		2351.22		-8.85315
2363		1.01423		2352.88		2351.87		-5.83193
2365		3.19645		2355.8		2352.61		-3.04297
2348		3.2897		2355.03		2351.74		-0.999007
2348		2.64094		2353.82		2351.18		0.330205
2346		1.96103		2352.42		2350.46		1.13941
2360		3.02758		2353.89		2350.86		1.93164
2362		4.55963		2355.79		2351.23		2.83356
2346		4.31397		2354.43		2350.11		3.3653
2338		2.64984		2351.08		2348.43		3.2674
2323		-0.581927		2345.18		2345.77		2.27267
2340		-1.39945		2343.86		2345.26		1.26137
2339		-2.14545		2342.71		2344.86		0.299357
2354		-1.43054		2344.6		2346.03		-0.215748
2341		-2.50701		2343.51		2346.02		-0.879241
2341		-2.81237		2342.93		2345.74		-1.48104
2335		-3.73205		2341.26		2344.99		-2.21208
2330		-5.05325		2338.92		2343.97		-3.11248
2341		-4.74798		2338.96		2343.71		-3.67149
2340		-4.60591		2338.75		2343.36		-3.98676
2319		-6.36189		2334.68		2341.04		-4.68126
2309		-8.68881		2329.49		2338.17		-5.81594
2307		-10.4054		2325.11		2335.51		-7.14546
2319		-10.1695		2323.62		2333.79		-8.057
2319		-9.68998		2322.42		2332.11		-8.60482
2287		-12.9611		2314.78		2327.74		-9.8812
2242		-19.9566		2299.76		2319.72		-12.7025
2255		-23.3479		2290.08		2313.43		-15.7414
2252		-25.6816		2281.66		2307.34		-18.6542
2265		-25.6345		2277.46		2303.1		-20.7904
2336		-17.5897		2288.02		2305.61		-20.1709
2367		-7.87229		2302.86		2310.74		-17.0448
2330		-3.97168		2308		2311.97		-13.6507
2337		0.0610983		2313.77		2313.71		-10.0249
2361		5.68073		2323.33		2317.65		-5.72014
2307		3.66822		2320.15		2316.48		-2.89358
2264		-2.72093		2308.95		2311.67		-2.43179
2309		-1.782		2309.35		2311.14		-1.7843
2315		0.496119		2311.69		2311.2		-0.683874
2302		0.852093		2310.78		2309.92		0.0743942
2323		3.49126		2314.27		2310.78		1.15923
2321		5.11034		2316.5		2311.39		2.33133
2310		3.83019		2314.85		2311.02		2.78254
2330		4.40064		2316.94		2312.54		3.16108
2288		0.894341		2310.93		2310.03		2.5381
2271		-3.71583		2302.48		2306.2		0.954429
2321		-2.27269		2305.13		2307.4		0.13769
2360		3.92195		2316.06		2312.14		1.15328
2379		11.3404		2329.57		2318.23		3.91293
2371		15.2289		2338.22		2322.99		6.98014
2398		20.7734		2350.58		2329.81		10.7463
2431		28.131		2367.52		2339.39		15.5857
2438		33.0985		2382.4		2349.3		20.5463
2417		34.0249		2390.42		2356.39		24.5884
2445		37.2928		2402.77		2365.48		28.5967
2446		38.9259		2412.72		2373.79		32.0151
2417		37.7302		2415.81		2378.08		34.13
2416		36.8314		2418.46		2381.62		35.3227
2428		35.7677		2422.11		2386.35		35.8508
2420		32.9119		2422.81		2389.9		35.3624
2410		29.0257		2421.04		2392.01		33.7964
2410		25.2165		2419.73		2394.52		31.4915
2418		21.7908		2419.78		2397.99		28.818
2396		16.0981		2414.82		2398.73		25.2079
2421		14.0378		2415.64		2401.6		21.9103
2431		13.397		2418.69		2405.29		19.2881
2418		10.7881		2418.08		2407.29		16.6345
2418		8.41133		2417.56		2409.15		14.0235
2393		3.94855		2412.66		2408.71		10.917
2402		1.55122		2410.47		2408.92		8.01795
2407		-0.533868		2409.46		2410		5.35739
2417		-1.28669		2410.78		2412.07		3.22801
2435		0.55359		2415.63		2415.08		2.24393
2441		2.81236		2420.8		2417.99		2.15822
2462		6.71532		2429.08		2422.37		3.16189
2462		9.77569		2436.26		2426.48		4.79479
2463		11.8001		2441.87		2430.07		6.61489
2441		10.8436		2441.89		2431.05		7.812
2449		11.1433		2443.74		2432.6		8.8395
2456		11.7799		2446.66		2434.88		9.82452
2437		10.7283		2445.69		2434.96		10.2943
2426		8.50336		2442.54		2434.04		10.0079
2433		7.15363		2441.27		2434.12		9.38245
2429		5.41295		2439.26		2433.85		8.36364
2423		3.1604		2436.09		2432.93		6.92857
2386		-2.82966		2425.99		2428.82		4.1921
2401		-6.15161		2420.35		2426.5		1.26126
2382		-10.7133		2411.94		2422.65		-2.17595
2381		-14.0983		2404.84		2418.94		-5.68175
2402		-14.0228		2403.62		2417.64		-8.26934
2394		-14.5905		2400.88		2415.47		-10.3183
2392		-15.0754		2398.12		2413.19		-11.9588
2424		-11.5299		2402.59		2414.12		-12.1954
2410		-10.058		2403.65		2413.71		-11.9293
2436		-6.35		2409.59		2415.94		-10.6059
2446		-2.28345		2416.51		2418.8		-8.44681
2444		0.693175		2421.89		2421.19		-5.93032
2434		2.55835		2424.95		2422.39		-3.4701
2462		6.94349		2432.79		2425.84		-0.441195
2500		14.7435		2447.13		2432.38		3.95032
2485		19.0523		2455.88		2436.83		8.41844
2484		21.6379		2462.47		2440.83		12.3964
2469		21.8582		2465.01		2443.15		15.4096
2475		22.268		2468.32		2446.05		17.705
2485		22.9101		2472.45		2449.54		19.5176
2515		26.6882		2482.07		2455.38		21.8378
2539		31.1473		2494.27		2463.13		24.7454
2503		29.773		2496.88		2467.11		26.4656
2515		29.6647		2501.46		2471.79		27.5682
2498		27.3772		2501.98		2474.6		27.6894
2489		23.669		2500.1		2476.43		26.7255
2497		20.2583		2499.49		2479.23		25.0763
2501		18.0459		2500.05		2482		23.233
2536		19.606		2507.52		2487.91		22.2592
2542		21.1967		2515.1		2493.9		21.8821
2551		22.9825		2523		2500.01		21.9915
2541		22.4647		2527.28		2504.81		21.9615
2538		20.664		2529.64		2508.98		21.4544
2513		15.9293		2526.15		2510.22		19.8408
2463		6.95854		2513.95		2506.99		16.2811
2443		-2.18863		2499.75		2501.94		11.2081
2416		-11.7053		2483.05		2494.76		4.87596
2421		-18.0716		2470.55		2488.62		-1.62561
2467		-17.8674		2469.36		2487.23		-6.47886
2468		-17.232		2468.52		2485.75		-9.9833
2449		-18.8781		2463.41		2482.29		-13.0461
2439		-21.2295		2457.12		2478.35		-15.9421
2449		-21.8298		2453.81		2475.64		-18.1804
2451		-21.8015		2451.68		2473.48		-19.6693
2447		-21.8805		2449.19		2471.07		-20.6218
2448		-21.0377		2447.81		2468.84		-20.9152
2415		-22.5245		2440.98		2463.5		-21.4079
2381		-26.3112		2428.96		2455.27		-22.8051
2349		-31.9605		2413.22		2445.18		-25.3928
2351		-35.3019		2400.65		2435.95		-28.2034
2315		-42.0395		2382.34		2424.38		-32.0848
2332		-44.6245		2370.74		2415.37		-35.6824
2362		-42.1137		2367.59		2409.7		-37.7024
2369		-38.4951		2366.59		2405.08		-38.2378
2361		-35.7578		2363.99		2399.75		-37.9165
2341		-35.1382		2357.83		2392.97		-37.478
2320		-36.0749		2348.67		2384.74		-37.3254
2346		-33.2792		2346.35		2379.63		-36.3406
2390		-25.0923		2353.84		2378.93		-33.3213
2399		-16.9846		2362.37		2379.36		-28.7286
2406		-9.56968		2371.33		2380.9		-23.2275
2409		-3.57428		2379.22		2382.8		-17.532
2402		0.739908		2384.93		2384.19		-12.1677
2411		4.85918		2391.09		2386.23		-7.08669
2390		5.65896		2391.39		2385.73		-3.0723
2393		6.5765		2392.12		2385.54		0.20551
2403		8.38904		2394.85		2386.46		3.09705
2397		9.3777		2396.25		2386.87		5.36678
2388		9.64074		2395.97		2386.33		6.97563
2380		8.58844		2393.68		2385.09		7.74736
2372		6.1456		2389.41		2383.27		7.54418
2341		0.787647		2379.57		2378.78		5.85602
2343		-3.38725		2371.79		2375.17		3.37784
2360		-4.98035		2368.76		2373.74		1.07237
2378		-4.37266		2370.01		2374.38		-0.511105
2363		-5.72374		2367.87		2373.6		-2.10068
2375		-5.43003		2368.9		2374.33		-3.23354
2381		-4.48575		2370.88		2375.37		-3.83329
2404		-1.17116		2376.92		2378.09		-3.36583
2408		1.88146		2382.77		2380.89		-2.14055
2399		3.18838		2385.92		2382.73		-0.759594
2402		4.33568		2389.24		2384.9		0.670963
2421		7.05981		2395.89		2388.83		2.51253
2459		13.874		2409.49		2395.62		5.72322
2475		20.929		2423.77		2402.85		10.0656
2462		24.3296		2432.56		2408.23		14.2356
2462		26.3124		2439.42		2413.11		17.8798
2464		27.9575		2445.71		2417.75		20.9904
2447		26.682		2447.24		2420.55		22.9166
2471		27.9651		2453.18		2425.21		24.6816
2476		28.4576		2458.62		2430.16		26.1152
2487		29.5195		2465.2		2435.68		27.4221
2499		31.4051		2473.14		2441.74		28.7736
2480		30.1354		2475.79		2445.66		29.3009
2498		30.2332		2481.21		2450.98		29.6538
2480		27.0349		2481.37		2454.34		29.0137
2462		21.7357		2477.62		2455.88		27.068
2446		15.4049		2471.58		2456.17		23.9233
2440		9.55899		2465.44		2455.88		19.9587
2429		3.74131		2458.19		2454.45		15.4027
2465		3.5601		2459.75		2456.19		11.9152
2448		0.7869		2457.2		2456.41		8.51175
2464		0.280698		2458.22		2457.94		5.84808
2471		0.341542		2460.26		2459.91		3.8648
2465		-0.444583		2460.51		2460.95		2.22976
2464		-0.919893		2460.85		2461.77		0.982547
2415		-7.17286		2451.03		2458.2		-1.51452
2410		-12.1174		2442.31		2454.42		-4.60517
2400		-16.3534		2433.5		2449.85		-7.95005
2392		-19.5491		2424.98		2444.53		-11.3188
2395		-21.0203		2418.72		2439.74		-14.1868
2421		-18.8269		2418.99		2437.82		-15.7346
2413		-18.3595		2416.97		2435.33		-16.7704
2412		-17.5065		2415.42		2432.92		-17.3007
2387		-19.7637		2408.87		2428.63		-18.2989
2403		-19.2998		2406.58		2425.88		-18.7952
2389		-20.0128		2402.01		2422.03		-19.2598
2389		-20.0725		2398.3		2418.37		-19.5385
2405		-16.9928		2399.34		2416.33		-18.8502
2432		-11.4161		2405.67		2417.09		-16.7967
2439		-5.79846		2412.43		2418.23		-13.7828
2451		-0.0472297		2420.51		2420.55		-9.97723
2438		2.75893		2424.46		2421.7		-6.3819
2429		3.32002		2425.43		2422.11		-3.48794
2447		5.78967		2429.96		2424.17		-0.659344
2453		8.16124		2434.89		2426.73		2.11759
2459		11.3199		2440.57		2429.25		5.05529
2433		10.3383		2439.73		2429.39		6.93073
2395		5.77792		2431.71		2425.93		6.99148
2407		3.78534		2427.54		2423.75		6.38445
2440		5.63914		2430.43		2424.79		6.31353
2464		9.18115		2437.11		2427.93		7.16077
2470		11.7843		2443.65		2431.86		8.48843
2461		12.2609		2446.98		2434.72		9.56289
2465		12.9281		2450.74		2437.82		10.5009
2453		11.9246		2451.59		2439.66		10.8691
2471		12.5934		2455.55		2442.95		11.346
