0
0
0
0
0
0
0
0
0
0
0
0
0
0
0
0
0
0
0
0
0
0
0
0
0
0
7.30408
13.5484
18.1534
20.6305
20.3075
19.1469
18.6117
17.5152
18.9057
21.0337
24.4212
28.6651
33.3849
38.5767
43.6538
47.698
51.8445
55.5299
58.1264
59.1643
58.2208
56.1967
52.9911
47.5522
40.8662
33.3706
25.0731
17.4116
10.9619
4.94264
-0.449441
-7.0805
-13.7789
-20.1457
-25.5374
-29.0591
-31.125
-33.0835
-34.4947
-35.3386
-35.0227
-33.9682
-32.4456
-29.9236
-28.3834
-26.8466
-25.9477
-25.2691
-25.4295
-25.2452
-25.1848
-25.037
-24.5312
-23.6555
-22.9181
-21.6663
-19.0241
-14.4393
-8.6158
-2.99124
2.97542
8.2252
12.7577
15.8425
17.004
15.932
13.8775
12.6229
11.4816
10.2699
9.51969
10.1768
12.0627
13.9264
14.9219
15.5919
16.6015
17.8241
18.7946
18.3453
16.0017
12.4641
8.43151
5.12634
2.10527
-0.498239
-1.49202
-1.19677
0.364537
2.34365
4.62288
7.32055
9.07283
9.78842
9.21047
7.23415
4.09281
1.30874
-1.13948
-3.80022
-7.32292
-10.7626
-13.5247
-15.3756
-15.5302
-14.9727
-13.1389
-10.5312
-7.54692
-4.61597
-1.68541
0.884031
3.41565
5.92812
7.40294
8.30126
9.31745
10.5593
11.6578
12.7157
13.2563
13.583
12.7789
12.4912
10.6356
7.40826
1.72031
-5.09582
-12.4353
-20.0104
-27.235
-32.8124
-37.0363
-39.9402
-41.7149
-42.2616
-40.8229
-37.6084
-34.1859
-30.8979
-28.2836
-25.9406
-23.0794
-20.4492
-18.3933
-17.025
-15.7569
-15.0431
-14.9611
-14.8235
-14.1057
-12.6011
-11.1695
-9.46614
-8.45001
-7.88499
-7.76791
-9.03537
-10.9362
-13.0958
-15.0444
-16.4242
-17.7101
-17.8667
-18.0235
-17.2585
-15.8626
-13.6123
-11.1192
-9.41687
-8.16398
-6.84779
-6.10559
-4.77571
-4.08555
-4.15596
-4.29734
-4.72183
-4.16703
-2.83397
-2.12963
-1.76561
-2.50054
-3.08797
-4.16887
-5.54194
-6.4673
-6.14675
-5.12201
-2.629
-0.716934
0.309487
1.92527
3.43493
3.91916
3.75202
4.3997
6.56142
8.95823
11.1901
13.5378
16.418
18.3492
19.8839
20.8881
21.7646
21.9381
21.7758
21.1308
19.1256
14.623
8.10433
1.41498
-5.31285
-12.5109
-19.451
-26.3262
-32.454
-36.6827
-39.221
-40.337
-40.3565
-39.6215
-38.604
-38.7212
-38.1777
-36.7432
-34.3268
-32.0447
-28.8455
-25.2692
-21.9178
-17.9743
-12.8737
-6.94983
-1.30372
2.25856
4.49145
5.89365
5.40972
3.6127
1.68558
-0.692252
-2.61803
-3.74931
-3.70536
-3.09192
-3.99389
-4.79289
-5.46996
-4.89806
-3.49631
-1.78125
-1.77223
-2.8732
-3.69246
-5.12368
-7.29499
-9.43987
-11.8151
-14.7646
-19.2112
-24.2038
-28.9002
-33.3899
-37.3946
-40.2416
-42.8323
-44.9236
-45.2672
-44.3989
-42.5392
-41.9001
-42.3286
-42.6151
-42.3475
-41.6161
-40.0884
-37.8391
-35.4514
-32.7504
-29.5909
-26.4576
-23.8924
-21.7042
-19.6535
-18.1391
-18.0866
-18.9466
-20.2341
-22.066
-23.8034
-25.2949
-26.2198
-27.1036
-27.2046
-27.0604
-26.8118
-26.7159
-25.7811
-24.6977
-24.5472
-24.2766
-23.137
-22.4107
-22.2694
-23.1528
-26.2616
-30.2426
-33.7901
-37.1035
-40.1202
-41.9682
-42.3414
-42.0569
-41.9049
-41.9657
-42.8039
-43.2083
-42.2864
-40.5953
-38.4866
-34.7978
-30.4332
-26.0952
-22.5417
-19.5544
-16.7529
-14.1278
-10.0024
-5.28879
-1.37047
1.34162
3.24206
4.29153
3.94773
2.67705
0.935617
-1.67889
-4.78687
-7.72394
-10.3253
-11.615
-12.0994
-11.6573
-11.0883
-10.1576
-8.84742
-7.46927
-6.969
-7.328
-7.56006
-7.56148
-7.48485
-7.22082
-6.05838
-4.05125
-2.19205
-0.641704
0.494801
0.866075
1.1663
1.21609
0.746738
-0.00276706
-0.222431
1.02864
3.42877
5.71118
7.78053
8.93236
9.28027
10.1897
11.4138
12.0375
12.057
11.7667
11.4018
10.9032
10.5479
10.3559
10.8198
11.7858
13.5945
15.855
18.2795
20.2203
21.5408
21.9494
21.2936
19.7662
16.8646
13.7612
9.43666
4.53474
0.40747
-2.8418
-5.2325
-6.48489
-7.60375
-8.17316
-8.4591
-8.65603
-8.72012
-9.63994
-11.1392
-12.8163
-14.2211
-15.5513
-17.8397
-20.1855
-22.853
-24.6959
-25.4787
-24.8636
-23.2221
-20.7261
-17.965
-15.6038
-12.6388
-6.9384
-0.755971
4.62206
8.98948
11.2176
11.3297
11.3286
10.9533
10.7868
10.6094
11.4198
13.376
15.0382
15.5346
15.258
13.4123
10.8715
9.50897
9.69769
10.6175
12.0321
13.0842
13.3307
12.5217
10.9571
10.503
10.9434
12.0528
12.2689
11.684
10.4698
9.10822
8.45852
8.38481
8.13294
8.61128
10.5235
12.938
15.3988
17.3743
19.7107
22.1091
24.7514
27.5419
30.3595
32.8107
34.3222
34.6702
34.3595
33.2373
30.4357
27.0414
23.4577
19.4448
15.5958
12.4172
11.2827
10.8831
11.6987
13.2348
13.4829
12.4866
11.0566
10.1805
9.28755
8.61264
7.59519
5.17012
1.92588
-1.16077
-4.07245
-7.3663
-10.7633
-13.898
-16.02
-18.1075
-19.8027
-22.6443
-25.7761
-28.6146
-30.2894
-31.2265
-31.9761
-31.6005
-29.8394
-27.7752
-25.2697
-22.6958
-22.0778
-22.0892
-22.9677
-24.2629
-25.6861
-26.8419
-27.4293
-27.0033
-26.0307
-25.9766
-26.6717
-26.185
-24.4874
-22.9034
-22.0628
-22.1316
-22.1679
-22.1542
-23.1503
-24.8752
-26.377
-27.6306
-26.7267
-23.4922
-19.1215
-14.9036
-12.411
-10.1708
-7.68514
-3.85596
1.05324
7.79379
15.9213
23.8219
30.8202
36.284
40.0543
42.3788
43.1641
41.5738
37.3647
30.9911
23.8134
17.5362
11.1107
6.22453
3.96254
3.37223
3.91022
5.76665
9.3964
13.8593
18.6575
24.1987
28.9898
32.7008
36.7003
41.5332
45.7802
49.4812
51.9405
52.1229
50.7415
49.4055
48.1082
46.0957
43.7035
41.6568
40.1388
38.6612
37.6061
36.1457
34.4359
34.0461
34.4796
34.9332
35.0998
34.897
34.3047
33.6266
32.5116
31.3461
30.4204
29.1807
27.8611
26.5771
25.4803
23.8364
21.3867
18.4095
14.8324
9.43438
3.78162
-1.14804
-6.03869
-10.013
-12.1506
-13.3953
-13.3539
-11.4183
-7.08688
-1.99302
4.10532
10.0806
15.5461
20.0999
23.932
26.8819
27.6
26.611
24.4743
21.9802
19.499
15.6952
11.3991
8.53348
6.02834
2.97908
-1.46411
-6.47413
-11.7593
-13.1016
-11.2836
-8.13354
-5.23502
-2.18178
1.61341
6.1743
10.2817
14.4899
18.4494
21.1456
22.9985
25.4919
26.8963
27.5017
27.4534
25.8156
23.8581
20.9345
17.591
14.1217
10.9811
7.86824
6.69781
6.15743
7.30791
9.87736
11.9126
13.6688
15.2031
16.5254
16.493
15.1757
13.1576
12.4719
12.3782
13.0765
13.8487
15.322
16.3412
18.2761
21.0865
23.7914
26.0277
28.0127
28.0192
27.5689
26.3072
25.5056
25.0177
24.45
24.7525
25.2818
24.1876
22.7464
21.417
20.8019
21.1764
22.5925
24.4202
26.221
28.3082
30.0594
31.9218
34.8478
38.3275
41.581
44.3075
46.2246
46.9551
46.5612
46.0221
45.2852
43.8273
42.2858
39.7781
36.5462
32.4657
28.5376
24.4175
20.5135
17.7243
15.7522
13.2665
10.7853
8.38786
5.80737
3.26091
-0.37275
-3.06189
-5.8731
-9.67366
-13.4349
-16.9453
-20.0557
-22.9926
-25.6614
-28.2918
-30.8574
-32.908
-34.0204
-35.3059
-36.2053
-35.9341
-34.312
-31.8369
-29.0454
-26.6389
-25.6304
-25.7394
-26.7571
-28.3167
-29.2141
-29.5599
-29.9109
-29.1023
-27.6263
-25.4868
-23.4406
-21.7803
-19.1043
-15.7062
-12.1471
-8.85315
-5.83193
-3.04297
-0.999007
0.330205
1.13941
1.93164
2.83356
3.3653
3.2674
2.27267
1.26137
0.299357
-0.215748
-0.879241
-1.48104
-2.21208
-3.11248
-3.67149
-3.98676
-4.68126
-5.81594
-7.14546
-8.057
-8.60482
-9.8812
-12.7025
-15.7414
-18.6542
-20.7904
-20.1709
-17.0448
-13.6507
-10.0249
-5.72014
-2.89358
-2.43179
-1.7843
-0.683874
0.0743942
1.15923
2.33133
2.78254
3.16108
2.5381
0.954429
0.13769
1.15328
3.91293
6.98014
10.7463
15.5857
20.5463
24.5884
28.5967
32.0151
34.13
35.3227
35.8508
35.3624
33.7964
31.4915
28.818
25.2079
21.9103
19.2881
16.6345
14.0235
10.917
8.01795
5.35739
3.22801
2.24393
2.15822
3.16189
4.79479
6.61489
7.812
8.8395
9.82452
10.2943
10.0079
9.38245
8.36364
6.92857
4.1921
1.26126
-2.17595
-5.68175
-8.26934
-10.3183
-11.9588
-12.1954
-11.9293
-10.6059
-8.44681
-5.93032
-3.4701
-0.441195
3.95032
8.41844
12.3964
15.4096
17.705
19.5176
21.8378
24.7454
26.4656
27.5682
27.6894
26.7255
25.0763
23.233
22.2592
21.8821
21.9915
21.9615
21.4544
19.8408
16.2811
11.2081
4.87596
-1.62561
-6.47886
-9.9833
-13.0461
-15.9421
-18.1804
-19.6693
-20.6218
-20.9152
-21.4079
-22.8051
-25.3928
-28.2034
-32.0848
-35.6824
-37.7024
-38.2378
-37.9165
-37.478
-37.3254
-36.3406
-33.3213
-28.7286
-23.2275
-17.532
-12.1677
-7.08669
-3.0723
0.20551
3.09705
5.36678
6.97563
7.74736
7.54418
5.85602
3.37784
1.07237
-0.511105
-2.10068
-3.23354
-3.83329
-3.36583
-2.14055
-0.759594
0.670963
2.51253
5.72322
10.0656
14.2356
17.8798
20.9904
22.9166
24.6816
26.1152
27.4221
28.7736
29.3009
29.6538
29.0137
27.068
23.9233
19.9587
15.4027
11.9152
8.51175
5.84808
3.8648
2.22976
0.982547
-1.51452
-4.60517
-7.95005
-11.3188
-14.1868
-15.7346
-16.7704
-17.3007
-18.2989
-18.7952
-19.2598
-19.5385
-18.8502
-16.7967
-13.7828
-9.97723
-6.3819
-3.48794
-0.659344
2.11759
5.05529
6.93073
6.99148
6.38445
6.31353
7.16077
8.48843
9.56289
10.5009
10.8691
11.346
